
25
34
31
30
34
21
24
38
41
29
29
34
31
31
41
34
32
28
47
33
37
34
33
43
32
41
39
31
41
39
43
40
39
43
38
48
42
39
45
43
40
44
44
47
44
41
41
37
48
48
52
49
43
53
41
40
42
47
48
51
42
46
52
54
38
45
48
46
52
49
43
50
54
53
44
44
42
45
53
52
49
49
42
52
51
49
52
48
49
49
55
56
51
50
48
46
49
47
52
55
55
56
52
51
44
50
52
50
55
61
55
57
55
56
55
47
52
54
52
55
55
58
52
56
51
54
57
54
51
58
58
59
52
60
57
59
55
56
56
52
60
56
57
55
50
59
60
51
57
58
57
67
55
62
57
57
61
58
57
64
60
51
59
63
58
58
60
61
62
64
58
57
58
64
60
61
57
62
61
55
59
56
61
60
67
60
61
59
63
61
60
59
55
68
62
61
63
63
66
61
66
65
65
62
61
63
68
55
60
69
66
59
60
72
61
58
68
62
59
66
65
63
60
67
55
58
64
62
62
66
66
62
67
67
59
69
64
63
56
62
65
62
66
76
62
62
64
62
57
68
64
69
67
65
67
61
68
64
63
64
66
62
75
70
67
62
66
63
66
66
66
68
69
64
64
72
65
64
68
72
71
66
69
61
67
69
68
64
69
62
