
27
40
35
40
35
26
31
38
42
32
32
37
36
32
41
36
36
36
50
42
42
42
35
45
37
43
42
36
41
41
46
45
43
45
43
50
44
41
49
45
47
46
51
50
50
45
48
43
51
51
56
55
49
55
47
48
45
49
52
54
51
50
53
56
45
55
51
53
53
52
50
54
61
55
47
50
47
51
59
56
57
53
49
57
53
56
56
51
53
53
59
57
57
59
53
50
52
54
56
59
61
61
57
54
47
55
56
54
56
62
58
63
59
58
57
53
54
58
54
57
59
64
58
58
54
58
63
59
56
61
65
61
56
61
60
62
62
60
59
54
61
59
61
56
58
63
64
54
61
60
58
74
56
67
60
62
65
61
59
66
64
54
60
64
61
61
66
61
65
67
62
59
63
68
64
62
57
64
68
59
62
56
66
62
69
62
62
63
65
64
65
62
59
70
63
64
68
68
67
63
63
68
66
64
63
67
69
58
61
69
68
60
61
74
58
64
71
64
61
67
67
65
64
66
60
61
64
65
66
67
73
66
68
67
67
70
69
68
60
65
64
68
66
79
62
62
67
62
57
72
65
67
69
67
69
65
70
66
65
66
68
65
72
74
69
64
68
66
66
67
69
69
72
68
64
71
67
68
71
74
73
66
72
64
67
71
73
63
69
63
